000000
000012
000020
000030
000050
000063
000071
000102
000112
000122
000132
000200
000212
000220
000230
000255
000262
000272
000300
000312
000320
000500
000525
000603
000622
000701
000722
001002
001022
001102
001120
001202
001302
002000
002012
002020
002030
002050
002102
002110
002125
002200
002220
002252
002300
002322
002505
002602
002702
003000
003020
003102
003200
005000
005020
005205
005222
006003
006202
007001
007202
010002
010012
010022
010032
010202
010210
011002
011020
011200
012002
012010
012025
012241
012271
012321
012341
012421
012441
012525
012571
012621
012671
012721
012741
012751
012771
013002
014221
014321
014421
014721
015261
015275
015721
016251
017221
017255
017521
017621
017721
020000
020012
020020
020030
020055
020062
020072
020102
020110
020200
020215
020220
020232
020300
020500
020522
021002
021100
021205
021231
021241
021255
021261
021271
021421
021431
021441
021471
021571
021721
021751
021761
021771
022000
022020
022052
022141
022171
022200
022411
022502
022711
023000
023202
023211
023411
024121
024211
024411
025005
025022
025161
025175
025215
025271
025711
026002
026151
026211
026711
027002
027121
027155
027211
027251
027411
027511
027711
030000
030012
030020
030200
031002
032000
032022
032121
032141
034121
041221
041231
041241
041271
042121
042141
042211
043211
044121
044211
047211
050000
050025
050200
050222
051271
051621
051725
052005
052125
052171
052202
052611
052715
052721
057121
057211
060003
060022
061521
062002
062121
062171
062511
067121
070001
070022
071221
071251
071261
071271
071525
072002
072121
072141
072151
072171
072211
072515
072521
074121
075121
075211
076211
077121
077211
100011
100061
100077
100101
100111
100121
100151
100211
100244
100277
100424
100511
100601
100707
100727
101001
101011
101101
101111
101201
101221
101244
101277
101501
101720
102026
102101
102121
102211
102244
102263
102277
102327
102404
102424
102457
102626
102644
102677
102707
102710
102727
104204
104214
104224
104624
105101
105427
106001
106223
107007
107207
107217
107227
107627
110001
110011
110021
110051
110101
110111
110221
110270
110424
110727
111001
111011
111101
111121
111211
111221
111244
111251
111261
111277
111424
111522
111621
111727
112001
112021
112111
112121
112201
112211
112221
112231
112244
112251
112277
112321
112404
112414
112424
112511
112611
112621
112707
112717
112727
113221
114214
114224
115001
115211
115221
116211
117200
117217
117227
120011
120044
120077
120121
120170
120206
120211
120237
120244
120266
120277
120424
120464
120547
120623
120727
120767
121001
121021
121044
121077
121111
121121
121144
121151
121161
121177
121201
121211
121221
121231
121244
121261
121277
121321
121424
121521
121727
122011
122044
122063
122077
122101
122111
122121
122131
122144
122151
122177
122211
122244
122277
122311
122344
122404
122414
122424
122434
122457
122511
122547
122603
122707
122717
122727
123121
123207
123211
123244
123277
123424
124004
124014
124024
124114
124124
124204
124214
124224
124234
124255
124267
124324
124507
124527
125111
125121
125245
125275
125427
126023
126111
126206
126211
126247
126404
126707
127007
127017
127027
127100
127117
127127
127207
127217
127227
127237
127255
131221
132027
132121
132211
132244
132424
132727
134224
140024
140124
140224
140264
141124
141224
142004
142024
142057
142104
142114
142124
142204
142214
142224
142234
142257
142324
142525
142627
143224
145027
145227
146204
150011
150247
151001
151121
151221
152111
152211
152247
152425
152725
154207
154227
160001
160223
161121
162026
162044
162077
162111
162121
162203
162427
164024
167027
170007
170027
170127
170227
170267
171020
171127
171227
172007
172010
172027
172107
172117
172127
172207
172217
172227
172327
172525
176207
200012
200022
200042
200071
200102
200122
200152
200202
200212
200222
200232
200242
200250
200262
200272
200326
200402
200423
200517
200522
200575
200622
200701
200722
200755
201002
201022
201122
201202
201222
201236
201252
201422
201502
201722
202002
202012
202022
202032
202052
202073
202102
202112
202122
202132
202152
202172
202202
202212
202222
202236
202242
202252
202262
202272
202302
202321
202402
202412
202422
202432
202452
202472
202500
202520
202552
202602
202622
202702
202712
202722
202755
202762
202772
203022
203122
203202
203216
203226
203422
204002
204202
204222
205022
205102
205122
205200
205212
205222
205422
205521
205705
205725
206202
206222
206722
207001
207023
207122
207202
207222
207422
207505
207722
210002
210022
210052
210202
210212
210222
210242
210272
210326
210522
211022
211202
211222
211261
211621
212002
212012
212022
212032
212052
212072
212202
212212
212222
212242
212252
212262
212272
212306
212502
212611
213022
214202
214222
215002
215022
215222
216211
216222
217022
217202
217222
220002
220012
220022
220032
220042
220050
220062
220072
220102
220112
220122
220142
220172
220202
220212
220222
220231
220242
220250
220262
220272
220302
220312
220326
220342
220422
220502
220512
220522
220542
220552
220575
220622
220672
220703
220712
220722
220742
220772
221002
221022
221036
221052
221102
221122
221161
221202
221222
221302
221422
221502
221522
221622
221702
221722
222002
222012
222022
222036
222042
222052
222062
222072
222102
222112
222122
222142
222152
222162
222172
222202
222212
222272
222306
222402
222412
222442
222462
222502
222512
222602
222612
222642
222672
222702
222712
222722
222762
222772
223002
223016
223026
223201
224002
224022
224102
224122
224202
224302
224422
224502
224622
224702
225000
225012
225022
225122
225200
225502
226002
226022
226111
226122
226202
226422
226722
227002
227022
227102
227122
227202
227222
227505
227602
227622
227702
227722
230022
230126
230202
230212
230226
230242
231202
232002
232021
232106
232206
234202
240002
240022
240222
241022
241222
242002
242012
242022
242032
242052
242072
242202
242212
242242
242262
243022
244222
245022
246222
247022
250012
250020
250075
250122
250202
250212
250222
250242
250252
250275
251002
251202
251222
252000
252020
252052
252102
252202
252212
254202
255022
255202
257005
257205
260022
260222
260272
261121
261222
262002
262022
262111
262202
262212
262242
262272
264222
267202
267222
270001
270022
270055
270203
270212
270222
270242
270272
271022
271202
271222
272002
272012
272022
272055
272062
272072
272202
272212
272222
272262
272272
274202
275005
275025
276022
276222
277022
277202
277222
300013
300022
300041
300076
300103
300123
300202
300213
300241
300262
300401
300421
300622
300706
301003
301021
301203
301220
301521
302002
302011
302103
302210
302401
302511
302602
304001
304201
306202
307006
310003
310023
310201
310220
310251
312003
312200
315201
320002
320013
320041
320062
320101
320120
320151
321003
321020
322010
322100
324001
325101
326002
340001
340021
342001
351021
352011
360022
362002
370006
401120
401220
401250
402110
402120
402210
402221
402231
402326
402520
403221
405210
410210
410220
410520
411020
411200
412010
412020
412200
412500
420110
420120
420210
420221
420236
420250
420321
421020
421050
421100
421200
422010
422021
422031
422100
422201
422301
423021
423206
425010
425200
430221
432026
432201
450120
452020
452100
500022
500125
500202
500215
500225
500232
500250
500272
500322
500520
500722
501205
502002
502022
502105
502122
502152
502205
502220
502244
502302
502500
502702
502722
503202
504224
505122
505200
507202
510025
512005
512022
512052
512122
512220
512422
512722
515022
520002
520015
520025
520032
520050
520072
520202
520212
520220
520272
520424
520512
521005
521202
521212
521220
521242
521272
521502
522005
522020
522044
522120
522200
522210
522404
523002
524024
524212
525000
527002
527202
527212
530022
532002
540224
542122
542204
550020
550212
551202
552000
570022
572002
572022
572122
600011
600021
600101
600201
601001
602001
602120
610001
612020
612125
612131
612225
613121
620001
620210
621200
621215
621225
621311
622125
622215
631211
700077
700707
701120
701220
701250
702110
702120
702210
702221
702251
702321
702525
702720
705210
705221
707007
710210
710220
710520
711020
711200
712010
712020
712200
712500
720110
720120
720210
720221
720231
720255
720270
720521
721020
721050
721100
721200
722010
722021
722051
722100
722201
722501
723201
725010
725021
725205
727200
732021
750120
750221
752025
752100
752201
770007
772020
